388.9162223618069    0.0022566558652901136
394.4298180086968    0.035082709252669986
398.99303891577284    0.08363630066222294
401.96478827843504    0.1400795395916936
403.7652254414537    0.19707763151081714
405.8503737467129    0.2579094485275861
407.4145889835174    0.30707240384707757
409.7146923789489    0.3816361812371475
411.88139127811314    0.45457727217859634
413.53678104624083    0.5076876374553743
414.9972487116725    0.5629209946510212
416.1412965854099    0.6074893275286068
417.28990657258225    0.6640037135104534
418.4379221272251    0.7174480068483267
419.26900490839296    0.7561836044372648
420.31002194245656    0.803530206327579
423.2369716871857    0.8660857151452895
426.40040973392473    0.9175073748462506
430.18563662145004    0.9654813229053134
435.0785570491889    0.9964865439786923
440.3289561669076    0.9686130239338031
444.7552818695775    0.9217837716611783
448.7676188079557    0.8747118338408861
451.60837139671844    0.8233466305223153
455.2065879419057    0.7737135670061209
458.04573635886715    0.726996524008458
461.60461004378    0.6672760450559981
464.0611985951108    0.6173256531979538
466.57993597257257    0.5728746221564872
469.49762265764787    0.52459303271235
473.2810672472243    0.47217550295540445
475.9986709541536    0.4446041301789142
479.1471697032006    0.4255271366732909
482.36188360143603    0.38814425554935283
484.3867523413171    0.3605910875086573
487.7230839624541    0.3352297173212615
491.61447599916124    0.29564222695346043
497.2815118127525    0.255484028147436
502.83050035436077    0.22674864956342433
507.9981872402733    0.20195140407560497
514.310365331912    0.1625662642979262
520.4948208115658    0.1274368018208738
526.9304677229594    0.10392067578223751
532.8585712517377    0.08159229289701986
538.784948402775    0.06743140310451734
544.5849769138781    0.051025928840204626
550.1303763814237    0.0392704596466531
556.1835094738686    0.025427211054268595
561.9822886172155    0.01493249564494592
567.7802771659713    0.008178083246520362
571.9290146410367    0.004030500475865617
575.7604944766088    0.0008288101495106392
