404.4222527768799    0.007273969838368366
406.4115597931743    0.0631026857537984
408.9099314365676    0.11775752223294833
410.5763428800601    0.1470967158906531
412.1103842758164    0.19866767988444933
413.83940260749125    0.2781508896602247
414.82686641813433    0.3344517242087539
415.5435192709921    0.39485845688774557
416.2334281736074    0.4336913881985651
416.9403485282675    0.4754800687355806
417.7218982713757    0.5309447490991579
418.55045081527715    0.6029521330082855
419.21679560323224    0.6367861323912984
419.682446574353    0.6740984525366215
420.9091648240652    0.7250324659423227
423.1497277662215    0.7863056099752121
425.8746189949494    0.845481183292599
428.3039566728828    0.8909933361838314
429.5771289518031    0.9411870891129044
433.6058821195    0.9993842251778136
435.9374299156624    0.9665085657038668
437.5324534356798    0.9157751890944197
438.9476221749758    0.8657452484133996
441.15621579559604    0.7977157369252097
443.49494708829263    0.7257011337263041
447.6788396345153    0.6705176848067443
451.67764913351573    0.6073734003997513
455.424049367959    0.5691699881086165
459.0202853199637    0.5209981720717208
462.06544143285674    0.47028988067119915
464.83843790786216    0.4029398305624766
469.02565368826185    0.34089510070943274
473.1389388006235    0.2849755249303405
475.07618896760664    0.2553283082421083
477.5163421278439    0.20906068219835205
481.3791516350935    0.1690823492996476
485.44305522521415    0.14771276195170735
491.24118773346754    0.12070574266799339
497.164640761801    0.09393363070620775
502.5267927281404    0.06834671760219657
508.6338678914757    0.04749526880521593
514.4288922077906    0.034624306458191034
520.2242225907781    0.020361352883277117
526.0186454498335    0.01022581815253698
531.8124996163059    0.0026766972886220763
535.711464371895    0.00000000000000000
