463.65111424924413    0.009176354431263078
465.08021895169685    0.023867664298353297
467.4314781727213    0.05241533747754179
469.0616267119333    0.08072294849728423
470.3513060083077    0.10668944867594221
471.67166442851754    0.13083841844718958
472.2682318298025    0.1617206959807005
472.9200362150152    0.19951658441482345
473.3150977267675    0.22400837935042928
473.7199607627754    0.24788725899249853
474.08732589603494    0.2726741954995049
474.4370970103853    0.30498536946786436
474.7850713543746    0.3384236928213955
475.1368429616049    0.36853284622497307
475.3635286150138    0.40152078444381256
475.7037594787214    0.4340080178745891
476.1276671561037    0.4753890046505196
476.5750106150358    0.5055539975569584
476.90325561333293    0.5402360123167543
477.1459052611642    0.5677418585241814
477.5700828435822    0.6000277311700551
477.8096063811289    0.6304401080447238
478.45027123992077    0.6619078460936029
478.9352144012253    0.6946394839967281
479.49917523981867    0.7309772328278853
480.2156466036615    0.7629553284793328
480.7682991416462    0.7987873620293888
481.4110627882544    0.8332377121217692
482.130863276939    0.8662871020436003
483.1237435640568    0.8949570404035492
484.3017796246169    0.9231707266814175
485.36058498412615    0.9509375771125143
486.64464305834065    0.9736500125637253
488.7709120138674    0.9901193902613614
491.49436526042336    0.9980284951239842
494.9685393955265    0.9873366647233452
497.5939810086044    0.9799464973455855
500.52628461686936    0.9617998557505614
502.63566696090544    0.9410347827336352
504.4678846362032    0.9181533600763561
505.6517700064767    0.8969612741305459
507.16058779913885    0.8694461929927193
508.59249851271323    0.8392535562293733
509.80968227321256    0.8085077688949984
510.90619612896023    0.7833636085004277
512.0838566305919    0.7520408098918065
513.9579720690497    0.7257243231956924
515.4973128897598    0.7022595587374231
517.2433042875768    0.6754514703225263
518.7792338295751    0.6468288524520303
520.4489156959162    0.6215912814701448
522.9629049066095    0.5841459857511413
524.9270681002785    0.5531822521819589
526.8562193061274    0.529046579171598
528.4895000633823    0.5037429491680632
530.3859508006384    0.4763523289264927
532.0500285428849    0.45142557894935487
534.3536472671792    0.4256495064392817
536.3607025098332    0.40102866370916623
538.5386604311649    0.3767351352926125
540.3304218818264    0.35781153419468503
542.5063012235719    0.3343309378233006
544.9744218893304    0.31266222212069716
547.1743643952534    0.29551804200554765
549.1231061603671    0.28054099358372686
551.6109855351694    0.25969498829316806
554.183472723916    0.23314857100292263
556.184763101066    0.21404735796929497
558.4652304844853    0.1973819183665766
560.4734158190031    0.18481142792444283
563.65958176515    0.17696596179489976
566.3173539645138    0.15678718694112126
569.4562754895467    0.1424590663910923
572.4919090504495    0.1327831071306067
575.5262562207544    0.12116212528566339
578.5606033910591    0.10954114344071986
581.5946120375222    0.09740831354723456
584.6306518270351    0.08834657194499895
587.6705507883426    0.08511989809613718
590.71044974965    0.08189322424727585
593.7486560917494    0.07610731015570615
596.7853729289454    0.06806926465055363
599.9289387823202    0.05897644007489444
602.8598898796309    0.05363108739558187
605.8987055646453    0.04876649979138681
608.9367764972078    0.04277584648040089
611.9748474297705    0.03678519316941453
615.0150849149196    0.03407036736909452
618.0562702668253    0.03278871610469092
621.0967785710477    0.030483368743203787
624.1362035989767    0.026540107626384035
627.235675952914    0.023786704017794813
630.2166601262263    0.02108257013632775
633.2563221208447    0.017497602653486988
636.2310687472093    0.015318042166347912
638.5086304966021    0.01430385192880479
