2.0241511439279467    0.4028850170173247
2.2123119091570107    0.4242206837871268
2.4004726743860765    0.443995204207919
2.6011774906304117    0.46298915145420627
2.814426357890019    0.4811374777614465
3.0276752251496264    0.4975945621905926
3.253468143424505    0.5132060256806917
3.4792610616993818    0.5280369159962859
3.730142082004803    0.5423474241955435
3.9684790512949517    0.5556171681621276
4.2068160205851015    0.5681063389542069
4.457697040890521    0.5800751276299496
4.708578061195941    0.591783725247524
4.959459081501361    0.6019311765160884
5.210340101806781    0.6128592009591578
5.461221122112202    0.6217056969368806
5.737190244448163    0.6297716197400984
5.988071264753584    0.6354958230198015
6.264040387089546    0.6404394531249995
6.540009509425509    0.6448627011138609
6.7908905297309285    0.6477248027537124
7.066859652066892    0.6503267133353956
7.342828774402854    0.6511072865099006
7.6187978967388155    0.6531888149752471
7.882222968059507    0.6553570737933164
