289.7539558337681    0.0006391364877325056
323.548078595027    0.023952476088882402
327.4474004520953    0.035913232927733185
330.04694835680755    0.04564401815256103
332.64649626151976    0.05659115153049232
336.5458181185881    0.07145762895731256
337.8455920709442    0.08091811459256171
340.8783979597751    0.0944330940714892
344.34446183272473    0.10605597642336684
346.0774937691995    0.11876005713355864
350.8433315945053    0.13261291109945933
356.04242740392976    0.14714151403930648
361.2415232133542    0.158764396391184
366.44061902277866    0.16849518161601185
372.9394887845592    0.180388363557468
381.6046484669333    0.19741723770091663
384.6374543557642    0.20417472744038034
391.1363241175448    0.21498671102352235
400.23474178403757    0.22485264604313943
413.2324813075987    0.23620522880543848
428.829768735872    0.24580086423547698
444.42705616414537    0.25188260500099435
458.72456964006255    0.25546407456291015
476.92140497304814    0.25282865356451933
491.2189184489654    0.24958505848957668
506.8162058772387    0.2430978683396915
518.5141714484437    0.2360700790106492
531.5119109720049    0.22566354481187506
543.2098765432099    0.2163382089714151
553.6080681620588    0.207418322515323
562.7064858285514    0.2001202335967021
575.7042253521126    0.18876765083440306
588.7019648756736    0.17822596684083958
601.6997043992349    0.16800864235477042
613.3976699704399    0.1599807445442875
627.6951834463571    0.1472496338751378
640.6929229699183    0.1352483320978502
652.3908885411231    0.12713934441049374
668.2481307598678    0.11692201992442453
683.5854633976699    0.1078129237556274
699.1827508259432    0.09956878627348165
712.6137483336231    0.0925409969444394
730.37732568249    0.0836211104883473
745.9746131107631    0.07618787177493713
761.5719005390365    0.06943038203547336
779.768735872022    0.0616592688350901
795.3660233002954    0.05632085194091374
810.9633107285688    0.05091486014934277
825.260824204486    0.04621164729067595
844.7574334898277    0.040170451463595325
860.3547209181011    0.03537263374857613
875.9520083463744    0.030777540725740793
891.5492957746478    0.02699334647164109
