3.0912227763575157    0.0030192868649044913
3.2440998561110885    0.0034532050444798235
3.3919645725940524    0.004104082313842905
3.517273654359276    0.004104082313842905
3.692706368830589    0.004429520948524446
3.8430772669488573    0.005188877762781319
3.9934481650671256    0.005405836852569013
4.1438190631853935    0.005514316397462804
4.294189961303662    0.006382152756613579
4.49468449212802    0.007033030025976661
4.645055390246288    0.008009345930021228
4.795426288364556    0.008985661834065795
4.908204461953257    0.009311100468747335
5.096168084601093    0.010612855007473443
5.246538982719361    0.011697650456411857
5.3969098808376295    0.012240048180881091
5.547280778955898    0.013216364084925658
5.7101825852506884    0.014084200444076433
5.898146207898524    0.015168995893014847
6.048517106016792    0.015819873162377873
6.1988880041350605    0.016579229976634746
6.324197085900284    0.01712162770110398
6.499629800371597    0.017935224287807805
6.650000698489865    0.018423382239830144
6.800371596608134    0.019182739054087017
6.950742494726402    0.019725136778556196
7.10111339284467    0.02021329473057848
7.301607923669028    0.021026891317282304
7.451978821787296    0.021460809496857636
7.602349719905565    0.02232864585600841
7.727658801670788    0.02232864585600841
7.903091516142101    0.022816803808030695
8.05346241426037    0.02373887993962831
8.203833312378638    0.024932154933460626
8.354204210496906    0.026125429927292887
8.517106016791697    0.02710174583133751
8.705069639439532    0.02894589809453274
8.8554405375578    0.030247652633258904
8.968218711146502    0.031440927627091164
