2.088750122235725    0.12435365782866742
2.2641828367070382    0.134279536186454
2.464677367531395    0.1451817304482852
2.640110082002708    0.1546194508540495
2.840604612827066    0.1648707678465176
3.0410991436514236    0.17528480415632652
3.229062766299259    0.1846574368351545
3.429557297123617    0.19481112223721814
3.6300518279479745    0.20405357946217356
3.8305463587723314    0.21342621214100155
4.043571797773211    0.2221479675504665
4.2691281449506135    0.23044665273484544
4.494684492128016    0.23776902201517983
4.732771747481941    0.2445381456165556
4.983389911012388    0.2510469183101861
5.234008074542835    0.2570349891883263
5.484626238073282    0.2626325337048485
5.73524440160373    0.2675792009520077
5.985862565134177    0.27200516638367656
6.236480728664624    0.2764311318153453
6.512160708548116    0.2805967463392689
6.762778872078563    0.28450200995544717
7.025927943785533    0.2878865717561351
7.289077015492502    0.29088060719520514
7.564756995375994    0.29361429172653
7.840436975259486    0.29595744989623696
8.06098095916628    0.2981704326120713
8.141178771496023    0.29830060806594394
8.366735118673425    0.2996023626046701
8.629884190380393    0.30003628078424543
8.893033262087362    0.30103429259726877
