1.9112546847905132    0.03355859768312652
2.0617832969737653    0.03960032225415344
2.2123119091570174    0.04542522094337342
2.3628405213402703    0.050708054928076285
2.5635453375846065    0.057715695927378796
2.7140739497678585    0.06289011697117808
2.8646025619511106    0.06806453801497736
3.0025871231190915    0.07237410554151291
3.2409240924092413    0.08035011297905481
3.3914527045924934    0.08530770814104716
3.5419813167757455    0.08983165153942574
3.679965877943727    0.09479169671138199
3.918302847233876    0.10168357473988932
4.068831459417128    0.10620751813826768
4.219360071600381    0.1109482874184533
4.357344632768362    0.11504102906318181
4.5956816020585105    0.1223665588553029
4.7462102142417635    0.12667367637187454
4.896738826425015    0.13119761977025302
5.034723387592997    0.13529036141498152
5.210340101806791    0.14056829537975646
5.348324662974772    0.14433579820177456
5.498853275158025    0.14885974160015303
5.649381887341276    0.15316685911672479
5.850086703585612    0.15898195776608914
6.000615315768865    0.16328907528266068
6.151143927952118    0.1675961927992321
6.301672540135369    0.17190331031580386
6.448019801980198    0.17621124450236336
6.627817866532416    0.18137994885624698
6.778346478715669    0.18525341460920464
6.92887509089892    0.1897773580075831
7.066859652066903    0.1938700996523116
7.242476366280696    0.19838914303076227
7.380460927448677    0.20248188467549078
7.53098953963193    0.20635535042844844
7.681518151815181    0.21087929382682713
7.844590815013705    0.21453348368801395
