278.1600790322425    0.031165919282511223
279.02885257968603    0.05532216190700967
279.02885257968603    0.045551097474628266
280.76639967457317    0.06536464479584614
281.6351732220167    0.08952088742034464
281.6351732220167    0.07974982298796318
283.5899137037647    0.09908838801038478
284.2414938643474    0.11720556997875864
285.9790409592345    0.12779088978050512
286.84781450667805    0.14163323105971215
288.5853616015652    0.15411848005664397
291.19168224389585    0.1706750059004013
293.36361611250476    0.186010148690111
295.96993675483543    0.19822397923058777
299.0106441708879    0.210302100542837
303.3545119081057    0.22333018645267882
309.0015399664888    0.23852962001416106
315.5173415723155    0.24965777672881767
323.3363034993075    0.2610573518999293
331.15526542629954    0.272728345527496
342.8837083167876    0.28399221147038006
357.2184718496063    0.28819919754543316
366.3405940977637    0.29797026197781457
371.55323538242504    0.30774132641019597
381.97851795174773    0.32891196601368905
388.49431955757444    0.3432971442058061
392.4038005210705    0.3525253717252774
398.9196021268971    0.36256785461411384
406.73856405388915    0.37179608213358517
413.2543656597158    0.3798029265990088
426.2859688713692    0.3899811187160728
449.7428546523453    0.3996164739202267
465.38077850632936    0.4015164031154119
481.0187023603134    0.3969022893556763
496.65662621429743    0.38889544489025263
509.68822942595085    0.37797085201793734
518.8103516741081    0.36772480528675966
526.6293136011002    0.3586322869955158
534.4482755280923    0.349268350247817
542.2672374550842    0.3389544489025255
550.0861993820763    0.32864054755723404
557.9051613090684    0.31805522775548756
565.7241232360603    0.307469907953741
573.5430851630524    0.29715600660844954
581.3620470900444    0.286842105263158
589.1810090170364    0.2767996223743216
596.9999709440285    0.2667571394854852
606.1220931921858    0.2562396742978524
616.5473757615085    0.24545079065376457
624.3663376885006    0.2348654708520181
630.8821392943273    0.223873023365589
640.0042615424846    0.2112520651404297
649.126383790642    0.20102863661395654
658.2485060387994    0.19089568090630177
668.6737886081221    0.18031036110455523
679.0990711774448    0.17013216898749128
690.8275140679328    0.15873259381637966
702.5559569584209    0.1493686570686808
714.284399848909    0.1396790181732359
727.3160030605624    0.12925654944536236
740.3476062722158    0.11981118716072708
753.3792094838692    0.11004012272834568
767.7139730166879    0.10092046259145637
783.351896870672    0.09047085201793731
798.989820724656    0.08137833372669356
814.6277445786401    0.07282865234835978
830.2656684326241    0.06373613405711609
845.9035922866083    0.05613641727637497
861.5415161405923    0.049350955864998935
877.1794399945763    0.04256549445362301
891.5142035273951    0.036431437337739014
