2.0874201767907135    0.018432537739032084
2.237912485450942    0.021035905138168
2.3884047941111706    0.02331385161241173
2.5263560770497127    0.02510366669931774
2.701930437153313    0.028276520717014475
2.839881720091855    0.030147691035143365
2.990374028752084    0.03291376889672526
3.1408663374123127    0.03502900490852301
3.287178304165312    0.03730695138276696
3.46693300617614    0.0405611606316868
3.617425314836369    0.04283910710593053
3.7679176234965976    0.04511705358017448
3.9058689064351397    0.047801776210533276
4.068902240817055    0.04999836745355413
4.219394549477283    0.05260173485268993
4.3698868581375105    0.055205102251825844
4.520379166797738    0.057483048726069685
4.666691133550739    0.06073725797498952
4.846445835561568    0.06317791491167934
4.9969381442217955    0.06578128231081515
5.147430452882023    0.06822193924750497
5.2728407100988814    0.07025582002807984
5.448415070202481    0.07318460835210772
5.598907378862709    0.07603204144491249
5.749399687522937    0.0786354088440484
5.899891996183166    0.08107606578073823
6.046203962936165    0.08351672271742805
6.225958664946994    0.08644551104145592
6.376450973607222    0.08872345751569966
6.52694328226745    0.09132682491483557
6.639812513762621    0.09295392953929549
6.827927899587907    0.09588271786332325
6.978420208248135    0.09832337480001319
7.128912516908365    0.10043861081181094
7.279404825568593    0.10239113636116282
7.425716792321591    0.10466908283540677
7.60547149433242    0.10776058162188051
7.75596380299265    0.10987581763367849
7.9064561116528775    0.11215376410792222
8.006784317426362    0.09978776896202701
8.031866368869734    0.1141876448884972
8.207440728973333    0.11736049890619393
8.357933037633563    0.11931302445554581
8.495884320572104    0.1212655500048977
