277.7588912133892    0.033510348583878136
279.0620641562065    0.041245915032679825
279.4964551371456    0.05332425562817733
280.3652370990238    0.07829520697167769
280.3652370990238    0.0685239651416123
281.66841004184107    0.09783769063180836
281.66841004184107    0.08847358387799575
282.9715829846583    0.11738017429193909
282.9715829846583    0.10760893246187375
284.2747559274756    0.12674428104575175
284.70914690841477    0.13692265795206982
285.5779288702929    0.15157952069716785
286.8811018131102    0.16175789760348597
287.31549279404936    0.17220769789397256
288.1842747559275    0.18740740740740752
289.9218386796839    0.19717864923747286
290.7906206415621    0.21020697167756003
292.5281845653185    0.22160675381263628
295.1345304509531    0.23734931009440824
297.3064853556486    0.2517347494553378
299.9128312412832    0.26313453159041406
302.5191771269178    0.2733129084967322
305.5599139934914    0.2843055555555557
309.90382380288247    0.2962481844589689
315.5509065550907    0.3095479302832245
320.7635983263599    0.3193191721132899
325.9762900976291    0.32909041394335525
331.1889818688982    0.3384545206971679
339.008019525802    0.34985430283224417
352.039748953975    0.355418482207698
362.4651324965133    0.36125408496732037
367.6778242677825    0.3706181917211331
372.89051603905176    0.3799822984749457
379.4063807531382    0.39260348583878013
385.1403417015343    0.4066089324618738
389.8317642956766    0.4219172113289762
394.1756741050675    0.4341312636165579
401.2996861924688    0.44553104575163416
408.0761854951187    0.4563879811183734
414.85268479776863    0.4655620915032681
421.1079149232917    0.47598474945533786
432.8364714086473    0.48610884168482227
448.4745467224549    0.4947943899782137
464.1126220362624    0.4984586056644882
479.7506973500699    0.49425154320987674
494.08559972106013    0.48559313725490216
504.5109832635985    0.47701615831517813
512.3300209205023    0.46697349310094427
520.1490585774061    0.45530228758169955
527.9680962343099    0.4449881989832972
535.7871338912136    0.43277414669571557
542.3029986053001    0.422324346405229
547.5156903765693    0.41336737472766905
554.0315550906557    0.40264615105301405
560.1130288238031    0.3917892156862747
565.7601115760114    0.3832393790849675
572.2759762900979    0.37197530864197553
580.0950139470017    0.3592184095860569
586.6108786610881    0.34904003267973877
593.1267433751746    0.33848166303558486
599.6426080892611    0.32868327886710264
606.1584728033475    0.31877632534495304
613.9775104602513    0.3081908133623822
621.7965481171551    0.29679103122730593
627.0092398884243    0.2851198257080612
632.2219316596934    0.2743307461873641
637.4346234309626    0.26435593681917235
645.2536610878664    0.2547204066811912
653.0726987447702    0.24467774146695737
660.8917364016739    0.2338208061002181
668.7107740585777    0.2240495642701527
676.5298117154814    0.21427832244008738
684.3488493723852    0.20423565722585357
694.7742329149236    0.19424727668845337
703.8964435146446    0.1833360566448804
714.321827057183    0.1727505446623096
723.4440376569041    0.16365786129266546
733.8694211994424    0.15369662309368215
745.597977684798    0.14323325163398715
756.0233612273363    0.13386914488017448
767.751917712692    0.12356862745098063
779.4804741980477    0.11493736383442293
791.2090306834033    0.10565468409586087
802.9375871687589    0.0974305555555558
815.9693165969319    0.08738789034132188
831.6073919107395    0.07788807189542502
847.2454672245469    0.06852396514161241
861.5803695955373    0.05902414669571554
875.9152719665275    0.051695715323166636
891.553347280335    0.04450299564270188
