1.9112546847905132    3247687.265560118
2.0617832969737653    3344235.0867672698
2.2123119091570174    3443653.0986724976
2.3628405213402703    3546026.6268122965
2.5133691335235224    3647080.079987296
2.6638977457067745    3751013.3198850965
2.8144263578900266    3860215.570473544
2.9649549700732787    3970222.6726331017
3.1154835822565308    4083364.7195398146
3.266012194439783    4199731.049776146
3.416540806623036    4314251.87436114
3.567069418806288    4437197.9477139
3.71759803098954    4560920.1151528
3.868126643172792    4688092.0215702625
4.018655255356045    4818809.855864891
4.169183867539296    4956134.649888398
4.319712479722549    5091281.548614137
4.470241091905802    5230113.715300795
4.620769704089053    5379159.7059408
4.771298316272306    5522539.248515137
4.921826928455557    5679918.681917373
5.07235554063881    5831314.845443311
5.222884152822061    5993909.1042972775
5.373412765005314    6157354.669019383
5.523941377188567    6325257.166965282
5.6744699893718185    6505512.180875416
5.824998601555071    6678914.238389259
5.975527213738323    6869247.650480876
6.126055825921576    7056562.4799039485
6.276584438104829    7248985.124200946
6.42711305028808    7455564.221288331
6.577641662471333    7654289.569877875
6.728170274654584    7872418.894341768
6.878698886837837    8091925.154840424
7.029227499021088    8312580.699261959
7.179756111204341    8549469.779029362
7.330284723387594    8787854.21532882
7.480813335570845    9032885.512888534
7.631341947754098    9284749.005807031
7.781870559937349    9549342.60524748
7.869678917044247    9693142.462142324
