2.0372560739039707    0.3196909589577824
2.212830434007571    0.3360433604336044
2.3884047941111706    0.35239576190942634
2.56397915421477    0.36679563783589647
2.7520945400400554    0.38290397361804945
2.9527509515870265    0.39793842034805893
3.1534073631339976    0.41199660430339247
3.3540637746809696    0.4256642831488556
3.5672612119496256    0.43855095177457804
3.7804586492182826    0.4512423678453652
4.006197112208625    0.4629575211414765
4.231935575198968    0.47467267443758776
4.45767403818931    0.4852163124040879
4.708494552623025    0.49595520292552325
4.959315067056739    0.5048066520825851
5.210135581490453    0.5145041956443661
5.460956095924166    0.5223142978417736
5.71177661035788    0.5295386423743755
5.9625971247915945    0.5353962190224312
6.238499690668679    0.5412537956704868
6.489320205102393    0.5459398569889313
6.765222770979479    0.5502354131975055
7.028584311134878    0.5537499591863388
7.2919458512902775    0.5568740000653019
7.5678484171673635    0.5596075358343945
7.843750983044449    0.5615600613837464
8.107112523199849    0.5635125869330982
8.370474063355248    0.5654651124824501
