322.6233924226625    0.04002450980392147
326.5206812652068    0.05834558823529401
329.11887382690304    0.08165407135076241
331.7170663885993    0.10150190631808276
334.31525895029546    0.1259881730469965
336.9134515119917    0.14669389978213504
339.5116440736879    0.1728523284313725
342.1098366353841    0.19473583877995637
344.7080291970803    0.2193901295085935
347.73925385239255    0.2433206245461147
352.50260688216895    0.2720915032679738
356.39989572471325    0.28674836601307185
360.29718456725755    0.3069015522875817
365.49356969065    0.3254261982570806
370.68995481404244    0.34578295206971676
375.88633993743485    0.3665468409586057
381.0827250608273    0.38824132430750075
386.2791101842197    0.4084817538126362
392.7745915884602    0.4274361534737352
403.16736183524506    0.4484624183006536
417.4574209245742    0.46860203340595497
433.0465762947515    0.4857695624546115
448.63573166492876    0.49615150689905596
462.9257907542579    0.4984586056644881
483.71133124782756    0.48950163398692814
498.0013903371568    0.4824446259985476
513.5905457073341    0.46548066448801745
527.8806047966632    0.4447167755991286
539.5724713242962    0.42700639978213506
549.9652415710809    0.40895674473493104
560.3580118178659    0.3917892156862745
570.7507820646506    0.3738752723311547
582.4426485922836    0.35530991285403046
594.1345151199166    0.3364188453159041
607.1254779283977    0.31619780319535223
620.1164407368788    0.2981481481481481
630.5092109836635    0.2779949618736383
642.2010775112965    0.25808605664488016
656.4911366006256    0.23734931009440807
672.0802919708028    0.2186210965867828
687.6694473409802    0.2005714415395788
703.2586027111574    0.18415032679738558
718.5879388251651    0.16900490196078422
734.436913451512    0.1530723493100944
750.0260688216893    0.13868690994916477
766.3946819603755    0.12470860566448794
781.2043795620436    0.11317311183732748
796.7935349322211    0.10218046477850395
812.3826903023983    0.09173066448801737
827.9718456725755    0.0815522875816993
843.5610010427529    0.07191675744371817
858.8903371567603    0.06282407407407398
879.9356969064997    0.051017156862744995
892.9266597149808    0.04450299564270144
