280.65553816727527    0.027804245240376724
281.9553121196314    0.04199497369325056
283.25508607198753    0.0517257589180784
284.5548600243436    0.06145654414290613
286.28789196081846    0.07389032526351946
288.88743986553067    0.08929740186949675
291.05372978612417    0.10240693196405642
294.08653567495514    0.11497586287945899
298.41911551614214    0.12659874523133663
304.0514693096853    0.14133007286336757
310.5503390714658    0.1511960078829846
319.64875673795865    0.16119709269739096
330.04694835680755    0.17052242853785093
343.04468788036866    0.17957746478873238
358.641975308642    0.18282105986367497
370.339940879847    0.19120034714060996
378.13858459398364    0.20021033345989497
384.6374543557642    0.21066191759026553
392.4360980699009    0.22221722504474856
402.8342896887498    0.23133983619302462
415.8320292123109    0.23944882388038108
431.42931664058426    0.24715236218336978
447.0266040688576    0.2517474552062051
462.6238914971309    0.25336925274367644
478.2211789254043    0.25215290459057293
493.8184663536776    0.24823356054168394
509.41575378195097    0.2406651720334846
523.7132672578682    0.23044784754741537
536.7110067814292    0.2207170623225876
549.7087463049904    0.21001319857527706
561.4067118761955    0.20032295828888602
573.1046774474005    0.18990290911063296
584.8026430186053    0.18106411253141436
596.5006085898103    0.17157659693720723
609.4983481133715    0.16249453072736803
621.1963136845766    0.15349355439440232
631.5945053034254    0.14356004447739062
643.2924708746305    0.13346435480663177
657.5899843505476    0.12335515015639403
673.187271778821    0.11335406534198766
688.7845592070944    0.10402872950152775
704.3818466353678    0.09564944222459265
719.9791340636409    0.08713500515286832
735.5764214919143    0.08037751541340465
751.1737089201877    0.07348487587915165
766.770996348461    0.06659223634489864
782.3682837767344    0.060105046195013445
797.9655712050078    0.05469905440344236
813.5628586332809    0.04915791281708215
829.1601460615543    0.043481621435932594
844.7574334898277    0.03861622882351878
860.3547209181011    0.03442658518505115
875.9520083463744    0.030101791751794393
891.5492957746478    0.026452747292484036
