2.063688305882682    344310.60302106
2.21405920400095    354495.3933170073
2.3644301021192184    365415.9817141381
2.5148010002374868    376001.3161151485
2.665171898355755    387123.52531240263
2.8155427964740234    398811.923611932
2.9659136945922917    410608.87605507945
3.11628459271056    423006.36619671027
3.2666554908288283    435778.1730440306
3.4170263889470966    448935.598319772
3.567397287065365    461940.32080191665
3.7177681851836333    475321.7628123636
3.8681390833019016    489090.83712554746
4.01850998142017    502959.46188806347
4.168880879538438    516913.7294606793
4.3192517776567065    531571.2981663523
4.469622675774975    546969.8035154487
4.619993573893243    561810.7749151936
4.7703644720115115    577741.4410275032
4.92073537012978    594477.3985570837
5.071106268248048    610607.3969830958
5.221477166366316    627921.7366173128
5.371848064484585    645727.0404266285
5.522218962602853    664037.230156043
5.672589860721121    682866.6223145607
5.82296075883939    701812.2914713072
5.973331656957658    721712.8305640864
6.123702555075926    742177.6679186601
6.274073453194195    763222.8047361404
6.424444351312463    784397.9014225224
6.574815249430731    806640.2321586051
6.725186147549    829019.9157858397
6.875557045667268    852527.545166627
7.025927943785536    877223.4796720884
7.1762988419038045    901025.2480500212
7.326669740022073    923822.5518025946
7.477040638140341    946633.321191735
7.6274115362586095    969430.4205325906
7.777782434376878    992776.5262592583
7.928153332495146    1017289.8879987657
8.078524230613414    1041168.9605967011
8.228895128731683    1066877.2148593392
8.379266026849951    1092570.062667638
8.52963692496822    1118216.2036079508
8.680007823086488    1145826.8869561006
8.830378721204756    1174119.325614618
8.943156894793457    1195262.7323264251
