319.86120930953325    0.028180316261505745
324.6394638204729    0.04371902289355678
327.24578446280356    0.06346471560066091
329.8521051051342    0.07730705687986783
331.15526542629954    0.08626386594288415
332.89281252118667    0.09603493037526561
335.0647463897956    0.11313429313193307
336.3679067109609    0.12209110219494934
338.105453805848    0.1321335850837858
340.2773876744569    0.1469258909605854
341.5805479956223    0.16036110455510982
342.8837083167876    0.1697250413028087
344.18686863795295    0.1790889780505075
345.92441573284003    0.19130280859098425
350.7026702437796    0.2132877035638424
353.3089908861103    0.22305876799622382
355.91531152844095    0.2340512154826529
359.824792491937    0.2466721737078122
364.16866022915474    0.2594288411611991
368.94691474009437    0.2731354732121785
373.72516925103395    0.2873849421760681
377.20026344080816    0.3020415388246402
381.97851795174773    0.3152731885768233
387.1911592364091    0.32972622138305413
392.4038005210705    0.3435685626622611
398.91960212689713    0.35361104555109757
406.73856405388915    0.36392494689638905
415.8606863020465    0.3749173943828181
430.1954498348652    0.3878640547557235
444.5302133676839    0.3970379985839038
458.86497690050265    0.4018692471088035
478.4123817179827    0.3973094170403589
494.0503055719668    0.39038824640075537
507.08190878362024    0.38082074581071523
514.9008707106121    0.3732888836440879
522.2854458638824    0.36311069152702397
531.8419548857615    0.35306820863818755
539.6609168127536    0.34221147037998595
547.4798787397456    0.33271182440405966
555.2988406667376    0.32185508614585806
563.1178025937297    0.3109983478876565
570.9367645207217    0.3012272834552751
578.7557264477138    0.2914562190228937
586.5746883747057    0.28059948076469216
594.3936503016978    0.2702855794194007
602.2126122286899    0.2605145149870193
611.3347344768472    0.2511505782393204
620.4568567250045    0.23988671229643632
628.2758186519966    0.22794430021241457
636.0947805789887    0.2154590512154828
645.216902827146    0.20412733065848493
656.945345717634    0.19146565966485735
668.6737886081221    0.18031036110455523
679.0990711774448    0.17033573282983255
690.8275140679328    0.15873259381637966
703.8591172795863    0.14831012508850616
716.8907204912396    0.1380505074345057
729.9223237028931    0.1279944536228465
744.2570872357119    0.11666273306584862
759.8950110896959    0.10580599480764707
773.578194461932    0.09664562190228948
789.8676984764986    0.0866709936275668
804.2024620093174    0.07907127684682569
819.8403858633014    0.07079301392494697
835.0439229435636    0.06265046023129583
853.7225542136002    0.0538293603965071
869.3604780675843    0.04677248052867611
883.695241600403    0.040665565258437675
896.7268448120565    0.03496577767288189
