1.9745509452955425    1001325.9612876375
2.037256073903971    1083757.626259872
2.1877483825641995    1119770.8199495904
2.3382406912244273    1159252.241470749
2.488732999884656    1199341.3382265882
2.639225308544884    1240005.8156847612
2.789717617205113    1284566.1093793262
2.9402099258653407    1328120.1902180873
3.0907022345255695    1374947.6946739769
3.2411945431857974    1422495.9410298103
3.391686851846026    1473614.1181462682
3.542179160506254    1522582.2170779905
3.692671469166483    1577297.0497900057
3.8431637778267107    1631842.912872839
3.9936560864869395    1689379.220081084
4.144148395147168    1747801.092895586
4.294640703807396    1810609.2902717416
4.445133012467624    1871999.2201633335
4.5956253211278515    1939270.545822726
4.746117629788081    2006334.1250560107
4.896609938448309    2077074.4246712367
5.047102247108537    2147499.0347708836
5.197594555768765    2226125.5526246326
5.3480868644289945    2300099.5563702625
5.498579173089222    2382754.9040002194
5.64907148174945    2463543.8170425612
5.799563790409678    2552072.624430629
5.950056099069908    2638602.369049654
6.100548407730136    2729850.142302881
6.251040716390364    2826100.5198245123
6.4015330250505915    2921921.3651668937
6.552025333710819    3022966.835799339
6.702517642371049    3129552.063564115
6.853009951031277    3235661.6382838236
7.003502259691505    3343182.4588717707
7.153994568351733    3461058.004054134
7.304486877011962    3576068.7308542756
7.45497918567219    3694901.256440685
7.605471494332418    3820179.377075538
7.755963802992646    3941965.8360954607
7.906456111652874    4067634.820027595
8.056948420313104    4200055.1807912225
8.207440728973332    4331119.404599037
8.35793303763356    4454608.683462923
8.483343294850417    4556228.278005065
